b: 10.9356%
c: 0.121507%
d: 6.68287%
e: 2.06561%
f: 4.00972%
g: 1.45808%
h: 2.18712%
i: 4.13123%
j: 3.15917%
k: 0.850547%
m: 4.49575%
n: 11.3001%
o: 8.26245%
r: 3.88821%
s: 0.121507%
t: 8.74848%
u: 1.57959%
v: 2.67315%
w: 10.9356%
x: 5.83232%
y: 1.94411%
z: 4.61725%
Total is: 100
